fp
559.5
