loadTime
4486
