loadTime
1900
