fp
610.8
